68376334795224855827459835293967497295464175589881588256882344699473595413912688
27864723586256612323398392166257879291745391279535274642651264996561591958851212
55671868374113711798752876214887597614296291748869722983491977224234582993231415
29413191327622485249495864168181327197661454464926326248274999448373741839963155
64682884275276129314235642296435534952198748321149636128966637577972834595223164
94537116845391648931518118496533318459989985979911468813617172345179117598937923
48815818755262456378627116779495435596139617246571678531183335956244163871445674
24476558644636252915985413753596211718487519227387222289988735729231297828618263
62329212525747381183475211876378296238318724373819792239556756342578891378236849
24127338433248519515211796732599314921611399736571277222546332369461136277417419
79486552412398972249235653683231393759743771787378759384946883673364252937854715
11463975329972374393876637693347229791729548351544863829837166982126943573981533
92926255272961384626131829678171219569288685597141132355322788254163923888378155
57394875318542315899787771868764244645744664342253654123897976172549642629235938
21685356412161242117418965525621289418241722419138735378289761727382769839152322
41451589421911121567228899853934667954786256223614621554618294467191255153395256
52478615975842964375658645763917718389116221416354968859541689338319499582453424
78414142475262682127619549137194521148767647457999827925947537596263343196311919
17894368116738893548797661111899664138398354818931135486984944719992393148681724
11661674142893768798515265829667984547476647774155363271296867917535645298745976
11264372167581711823952193932891991489968137628499914846784297935786293312157969
96751484375784895561682156658579887518746862371751372692472765217374791324656745
29157478449529947736296467635114818367689712236683865634274594494527526361772935
98314665656949832172525942378281876128575233442654182278832193831388938733847756
59548637662867572687198263688597865118173921615178165442133987362382721444844952
715592955744739873677838847693982379696776
